2.34E-01;5.13E-01;2.53E-01;2.01E+03
1.46E-01;4.87E-01;3.68E-01;2.01E+03
1.09E-01;4.49E-01;4.42E-01;2.01E+03
9.15E-02;4.09E-01;5.00E-01;2.01E+03
8.12E-02;3.67E-01;5.52E-01;2.01E+03
7.64E-02;3.25E-01;5.99E-01;2.01E+03
7.26E-02;2.80E-01;6.48E-01;2.01E+03
7.00E-02;2.37E-01;6.93E-01;2.01E+03
5.97E-02;1.86E-01;7.54E-01;2.01E+03
5.30E-02;1.63E-01;7.84E-01;2.01E+03
4.78E-02;1.47E-01;8.05E-01;2.01E+03
4.30E-02;1.33E-01;8.24E-01;2.01E+03
3.99E-02;1.21E-01;8.39E-01;2.01E+03
3.66E-02;1.08E-01;8.56E-01;2.01E+03
3.45E-02;9.71E-02;8.68E-01;2.01E+03
3.31E-02;8.72E-02;8.80E-01;2.01E+03
2.91E-02;7.05E-02;9.00E-01;2.01E+03
2.61E-02;6.33E-02;9.11E-01;2.01E+03
2.40E-02;5.82E-02;9.18E-01;2.01E+03
2.18E-02;5.33E-02;9.25E-01;2.01E+03
2.04E-02;4.87E-02;9.31E-01;2.01E+03
1.85E-02;4.50E-02;9.36E-01;2.01E+03
1.73E-02;4.16E-02;9.41E-01;2.01E+03
1.62E-02;3.84E-02;9.45E-01;2.01E+03
1.44E-02;3.30E-02;9.53E-01;2.01E+03
1.34E-02;3.02E-02;9.56E-01;2.01E+03
1.25E-02;2.83E-02;9.59E-01;2.01E+03
1.10E-02;2.63E-02;9.63E-01;2.01E+03
9.60E-03;2.50E-02;9.65E-01;2.01E+03
8.55E-03;2.31E-02;9.68E-01;2.01E+03
7.80E-03;2.14E-02;9.71E-01;2.01E+03
7.55E-03;1.98E-02;9.73E-01;2.01E+03
4.39E-02;1.86E-02;9.38E-01;2.01E+03
4.50E-02;1.78E-02;9.37E-01;2.01E+03
4.14E-02;1.69E-02;9.42E-01;2.01E+03
3.73E-02;1.65E-02;9.46E-01;2.01E+03
3.42E-02;1.53E-02;9.51E-01;2.01E+03
3.41E-02;1.49E-02;9.51E-01;2.01E+03
3.47E-02;1.43E-02;9.51E-01;2.01E+03
3.52E-02;1.35E-02;9.51E-01;2.01E+03
3.40E-02;1.19E-02;9.54E-01;2.01E+03
3.14E-02;1.08E-02;9.58E-01;2.01E+03
2.98E-02;1.00E-02;9.60E-01;2.01E+03
2.96E-02;9.40E-03;9.61E-01;2.01E+03
2.95E-02;8.90E-03;9.62E-01;2.01E+03
2.91E-02;8.30E-03;9.63E-01;2.01E+03
2.80E-02;8.15E-03;9.64E-01;2.01E+03
2.69E-02;7.95E-03;9.65E-01;2.01E+03
2.65E-02;7.00E-03;9.67E-01;2.01E+03
2.62E-02;6.20E-03;9.68E-01;2.01E+03
2.50E-02;5.70E-03;9.69E-01;2.01E+03
2.34E-02;5.35E-03;9.71E-01;2.01E+03
2.23E-02;4.70E-03;9.73E-01;2.01E+03
2.17E-02;4.50E-03;9.74E-01;2.01E+03
2.00E-02;4.30E-03;9.76E-01;2.01E+03
1.91E-02;3.95E-03;9.77E-01;2.01E+03
1.81E-02;3.65E-03;9.78E-01;2.01E+03
1.68E-02;3.25E-03;9.80E-01;2.01E+03
1.56E-02;3.15E-03;9.81E-01;2.01E+03
1.50E-02;2.80E-03;9.82E-01;2.01E+03
1.43E-02;2.75E-03;9.83E-01;2.01E+03
1.38E-02;2.60E-03;9.84E-01;2.01E+03
1.26E-02;2.55E-03;9.85E-01;2.01E+03
1.18E-02;2.30E-03;9.86E-01;2.01E+03
3.59E-02;2.05E-03;9.62E-01;2.01E+03
4.07E-02;2.05E-03;9.57E-01;2.01E+03
3.60E-02;1.95E-03;9.62E-01;2.01E+03
3.28E-02;1.90E-03;9.65E-01;2.01E+03
3.08E-02;1.85E-03;9.67E-01;2.01E+03
3.13E-02;1.70E-03;9.67E-01;2.01E+03
3.07E-02;1.65E-03;9.68E-01;2.01E+03
3.14E-02;1.55E-03;9.67E-01;2.01E+03
2.95E-02;1.30E-03;9.69E-01;2.01E+03
2.77E-02;1.20E-03;9.71E-01;2.01E+03
2.72E-02;1.20E-03;9.72E-01;2.01E+03
2.67E-02;1.15E-03;9.72E-01;2.01E+03
2.66E-02;1.05E-03;9.72E-01;2.01E+03
2.63E-02;9.00E-04;9.73E-01;2.01E+03
2.62E-02;9.00E-04;9.73E-01;2.01E+03
2.54E-02;8.50E-04;9.74E-01;2.01E+03
2.53E-02;7.50E-04;9.74E-01;2.01E+03
2.42E-02;7.00E-04;9.75E-01;2.01E+03
2.37E-02;7.00E-04;9.76E-01;2.01E+03
2.41E-02;7.00E-04;9.75E-01;2.01E+03
2.39E-02;7.00E-04;9.75E-01;2.01E+03
2.30E-02;7.00E-04;9.76E-01;2.01E+03
2.25E-02;6.50E-04;9.77E-01;2.01E+03
2.17E-02;6.00E-04;9.78E-01;2.01E+03
2.08E-02;6.00E-04;9.79E-01;2.01E+03
2.00E-02;6.00E-04;9.79E-01;2.01E+03
1.95E-02;5.50E-04;9.80E-01;2.01E+03
1.86E-02;5.50E-04;9.81E-01;2.01E+03
1.80E-02;5.50E-04;9.81E-01;2.01E+03
1.75E-02;5.00E-04;9.82E-01;2.01E+03
1.70E-02;5.00E-04;9.83E-01;2.01E+03
1.64E-02;5.00E-04;9.83E-01;2.01E+03
3.29E-02;5.00E-04;9.67E-01;2.01E+03
4.04E-02;5.00E-04;9.59E-01;2.01E+03
4.10E-02;3.50E-04;9.59E-01;2.01E+03
3.78E-02;3.50E-04;9.62E-01;2.01E+03
3.44E-02;3.50E-04;9.65E-01;2.01E+03
3.11E-02;3.50E-04;9.69E-01;2.01E+03
3.06E-02;3.00E-04;9.69E-01;2.01E+03
2.85E-02;3.00E-04;9.71E-01;2.01E+03
2.67E-02;3.00E-04;9.73E-01;2.01E+03
2.56E-02;3.00E-04;9.74E-01;2.01E+03
2.44E-02;3.00E-04;9.75E-01;2.01E+03
2.31E-02;2.50E-04;9.77E-01;2.01E+03
2.26E-02;2.00E-04;9.77E-01;2.01E+03
2.28E-02;2.00E-04;9.77E-01;2.01E+03
2.28E-02;2.00E-04;9.77E-01;2.01E+03
2.29E-02;2.00E-04;9.77E-01;2.01E+03
2.29E-02;2.00E-04;9.77E-01;2.01E+03
2.35E-02;2.00E-04;9.76E-01;2.01E+03
2.36E-02;1.50E-04;9.76E-01;2.01E+03
2.40E-02;1.50E-04;9.76E-01;2.01E+03
2.24E-02;1.50E-04;9.77E-01;2.01E+03
2.25E-02;1.50E-04;9.77E-01;2.01E+03
2.25E-02;1.50E-04;9.77E-01;2.01E+03
2.20E-02;1.50E-04;9.78E-01;2.01E+03
2.22E-02;1.50E-04;9.78E-01;2.01E+03
2.19E-02;1.50E-04;9.78E-01;2.01E+03
2.11E-02;1.50E-04;9.79E-01;2.01E+03
2.06E-02;1.50E-04;9.79E-01;2.01E+03
1.98E-02;1.50E-04;9.80E-01;2.01E+03
1.96E-02;1.00E-04;9.80E-01;2.01E+03
1.85E-02;5.00E-05;9.81E-01;2.01E+03
1.79E-02;5.00E-05;9.82E-01;2.01E+03
3.03E-02;5.00E-05;9.70E-01;2.01E+03
3.70E-02;5.00E-05;9.63E-01;2.01E+03
3.79E-02;5.00E-05;9.62E-01;2.01E+03
3.66E-02;5.00E-05;9.63E-01;2.01E+03
3.48E-02;5.00E-05;9.65E-01;2.01E+03
3.19E-02;5.00E-05;9.68E-01;2.01E+03
3.02E-02;5.00E-05;9.70E-01;2.01E+03
3.06E-02;5.00E-05;9.69E-01;2.01E+03
2.85E-02;5.00E-05;9.71E-01;2.01E+03
2.62E-02;5.00E-05;9.74E-01;2.01E+03
2.35E-02;5.00E-05;9.77E-01;2.01E+03
2.22E-02;5.00E-05;9.78E-01;2.01E+03
2.24E-02;5.00E-05;9.78E-01;2.01E+03
2.31E-02;5.00E-05;9.77E-01;2.01E+03
2.33E-02;5.00E-05;9.77E-01;2.01E+03
2.18E-02;5.00E-05;9.78E-01;2.01E+03
2.06E-02;5.00E-05;9.79E-01;2.01E+03
2.05E-02;5.00E-05;9.79E-01;2.01E+03
1.98E-02;5.00E-05;9.80E-01;2.01E+03
1.94E-02;5.00E-05;9.81E-01;2.01E+03
2.06E-02;5.00E-05;9.79E-01;2.01E+03
2.11E-02;5.00E-05;9.79E-01;2.01E+03
