3.46E-01;5.15E-01;1.39E-01;2.01E+03
2.79E-01;4.97E-01;2.24E-01;2.01E+03
2.31E-01;4.76E-01;2.93E-01;2.01E+03
2.06E-01;4.49E-01;3.46E-01;2.01E+03
1.82E-01;4.19E-01;3.99E-01;2.01E+03
1.68E-01;3.86E-01;4.46E-01;2.01E+03
1.60E-01;3.51E-01;4.89E-01;2.01E+03
1.50E-01;3.20E-01;5.30E-01;2.01E+03
1.39E-01;2.83E-01;5.78E-01;2.01E+03
1.26E-01;2.59E-01;6.14E-01;2.01E+03
1.17E-01;2.36E-01;6.47E-01;2.01E+03
1.09E-01;2.17E-01;6.74E-01;2.01E+03
1.01E-01;2.01E-01;6.98E-01;2.01E+03
9.27E-02;1.86E-01;7.22E-01;2.01E+03
8.70E-02;1.70E-01;7.43E-01;2.01E+03
8.28E-02;1.56E-01;7.61E-01;2.01E+03
7.56E-02;1.32E-01;7.92E-01;2.01E+03
6.91E-02;1.19E-01;8.11E-01;2.01E+03
6.31E-02;1.08E-01;8.29E-01;2.01E+03
5.74E-02;1.00E-01;8.42E-01;2.01E+03
5.25E-02;9.15E-02;8.56E-01;2.01E+03
4.81E-02;8.42E-02;8.68E-01;2.01E+03
4.49E-02;7.63E-02;8.79E-01;2.01E+03
4.17E-02;6.94E-02;8.89E-01;2.01E+03
3.89E-02;5.81E-02;9.03E-01;2.01E+03
3.50E-02;5.23E-02;9.13E-01;2.01E+03
3.22E-02;4.80E-02;9.20E-01;2.01E+03
2.84E-02;4.46E-02;9.27E-01;2.01E+03
2.59E-02;4.15E-02;9.33E-01;2.01E+03
2.26E-02;3.87E-02;9.39E-01;2.01E+03
2.09E-02;3.61E-02;9.43E-01;2.01E+03
1.96E-02;3.36E-02;9.47E-01;2.01E+03
3.94E-02;2.92E-02;9.31E-01;2.01E+03
4.88E-02;2.61E-02;9.25E-01;2.01E+03
5.38E-02;2.45E-02;9.22E-01;2.01E+03
5.68E-02;2.29E-02;9.20E-01;2.01E+03
6.05E-02;2.13E-02;9.18E-01;2.01E+03
6.42E-02;1.97E-02;9.16E-01;2.01E+03
6.85E-02;1.82E-02;9.13E-01;2.01E+03
7.12E-02;1.72E-02;9.12E-01;2.01E+03
7.19E-02;1.57E-02;9.12E-01;2.01E+03
7.37E-02;1.45E-02;9.12E-01;2.01E+03
7.38E-02;1.39E-02;9.12E-01;2.01E+03
7.44E-02;1.34E-02;9.12E-01;2.01E+03
7.26E-02;1.25E-02;9.15E-01;2.01E+03
7.23E-02;1.17E-02;9.16E-01;2.01E+03
7.11E-02;1.12E-02;9.18E-01;2.01E+03
6.77E-02;1.04E-02;9.22E-01;2.01E+03
6.63E-02;9.40E-03;9.24E-01;2.01E+03
6.43E-02;8.50E-03;9.27E-01;2.01E+03
6.35E-02;7.90E-03;9.29E-01;2.01E+03
6.16E-02;7.35E-03;9.31E-01;2.01E+03
5.91E-02;6.55E-03;9.34E-01;2.01E+03
5.51E-02;6.30E-03;9.39E-01;2.01E+03
5.29E-02;5.75E-03;9.41E-01;2.01E+03
5.06E-02;5.20E-03;9.44E-01;2.01E+03
4.84E-02;4.60E-03;9.47E-01;2.01E+03
4.62E-02;4.25E-03;9.50E-01;2.01E+03
4.31E-02;4.05E-03;9.53E-01;2.01E+03
4.24E-02;3.50E-03;9.54E-01;2.01E+03
3.86E-02;3.30E-03;9.58E-01;2.01E+03
3.62E-02;3.15E-03;9.61E-01;2.01E+03
3.34E-02;3.00E-03;9.64E-01;2.01E+03
3.04E-02;2.90E-03;9.67E-01;2.01E+03
4.11E-02;2.75E-03;9.56E-01;2.01E+03
4.58E-02;2.70E-03;9.51E-01;2.01E+03
4.79E-02;2.40E-03;9.50E-01;2.01E+03
5.05E-02;2.20E-03;9.47E-01;2.01E+03
5.25E-02;2.10E-03;9.45E-01;2.01E+03
5.33E-02;1.95E-03;9.45E-01;2.01E+03
5.63E-02;1.70E-03;9.42E-01;2.01E+03
5.83E-02;1.50E-03;9.40E-01;2.01E+03
5.88E-02;1.30E-03;9.40E-01;2.01E+03
5.83E-02;1.20E-03;9.40E-01;2.01E+03
5.82E-02;1.10E-03;9.41E-01;2.01E+03
5.89E-02;1.10E-03;9.40E-01;2.01E+03
6.01E-02;1.05E-03;9.39E-01;2.01E+03
6.09E-02;1.05E-03;9.38E-01;2.01E+03
6.08E-02;9.00E-04;9.38E-01;2.01E+03
6.23E-02;7.50E-04;9.37E-01;2.01E+03
6.26E-02;7.00E-04;9.37E-01;2.01E+03
6.14E-02;7.00E-04;9.38E-01;2.01E+03
6.09E-02;7.00E-04;9.38E-01;2.01E+03
5.96E-02;6.50E-04;9.40E-01;2.01E+03
5.86E-02;6.50E-04;9.41E-01;2.01E+03
5.77E-02;6.00E-04;9.42E-01;2.01E+03
5.48E-02;6.00E-04;9.45E-01;2.01E+03
5.28E-02;6.00E-04;9.47E-01;2.01E+03
5.15E-02;6.00E-04;9.48E-01;2.01E+03
5.00E-02;6.00E-04;9.49E-01;2.01E+03
4.86E-02;5.50E-04;9.51E-01;2.01E+03
4.62E-02;5.50E-04;9.53E-01;2.01E+03
4.48E-02;4.50E-04;9.55E-01;2.01E+03
4.44E-02;4.50E-04;9.55E-01;2.01E+03
4.36E-02;4.00E-04;9.56E-01;2.01E+03
4.23E-02;4.00E-04;9.57E-01;2.01E+03
4.82E-02;3.50E-04;9.51E-01;2.01E+03
5.00E-02;3.50E-04;9.50E-01;2.01E+03
5.09E-02;3.00E-04;9.49E-01;2.01E+03
4.95E-02;3.00E-04;9.50E-01;2.01E+03
4.94E-02;3.00E-04;9.50E-01;2.01E+03
4.94E-02;2.00E-04;9.50E-01;2.01E+03
4.97E-02;2.00E-04;9.50E-01;2.01E+03
5.04E-02;2.00E-04;9.49E-01;2.01E+03
5.22E-02;2.00E-04;9.48E-01;2.01E+03
5.33E-02;2.00E-04;9.47E-01;2.01E+03
5.23E-02;2.00E-04;9.48E-01;2.01E+03
5.37E-02;2.00E-04;9.46E-01;2.01E+03
5.44E-02;2.00E-04;9.45E-01;2.01E+03
5.49E-02;2.00E-04;9.45E-01;2.01E+03
5.63E-02;2.00E-04;9.44E-01;2.01E+03
5.64E-02;1.50E-04;9.43E-01;2.01E+03
5.74E-02;1.50E-04;9.42E-01;2.01E+03
5.81E-02;1.50E-04;9.42E-01;2.01E+03
5.63E-02;1.50E-04;9.43E-01;2.01E+03
5.72E-02;1.50E-04;9.43E-01;2.01E+03
5.74E-02;1.50E-04;9.42E-01;2.01E+03
5.67E-02;1.50E-04;9.43E-01;2.01E+03
5.70E-02;1.50E-04;9.43E-01;2.01E+03
5.58E-02;1.50E-04;9.44E-01;2.01E+03
5.43E-02;1.50E-04;9.46E-01;2.01E+03
5.28E-02;1.50E-04;9.47E-01;2.01E+03
5.02E-02;1.50E-04;9.50E-01;2.01E+03
4.88E-02;1.50E-04;9.51E-01;2.01E+03
4.87E-02;1.50E-04;9.51E-01;2.01E+03
4.73E-02;1.50E-04;9.53E-01;2.01E+03
4.64E-02;1.50E-04;9.54E-01;2.01E+03
4.53E-02;1.50E-04;9.55E-01;2.01E+03
5.01E-02;1.50E-04;9.50E-01;2.01E+03
5.18E-02;1.50E-04;9.48E-01;2.01E+03
5.12E-02;1.50E-04;9.49E-01;2.01E+03
5.10E-02;1.00E-04;9.49E-01;2.01E+03
5.10E-02;1.00E-04;9.49E-01;2.01E+03
5.04E-02;1.00E-04;9.49E-01;2.01E+03
5.03E-02;1.00E-04;9.50E-01;2.01E+03
5.10E-02;1.00E-04;9.49E-01;2.01E+03
4.97E-02;1.00E-04;9.50E-01;2.01E+03
4.95E-02;1.00E-04;9.50E-01;2.01E+03
5.02E-02;1.00E-04;9.50E-01;2.01E+03
4.93E-02;5.00E-05;9.51E-01;2.01E+03
4.95E-02;5.00E-05;9.50E-01;2.01E+03
4.91E-02;5.00E-05;9.51E-01;2.01E+03
4.85E-02;5.00E-05;9.52E-01;2.01E+03
4.88E-02;5.00E-05;9.51E-01;2.01E+03
4.95E-02;5.00E-05;9.50E-01;2.01E+03
5.06E-02;5.00E-05;9.49E-01;2.01E+03
5.25E-02;5.00E-05;9.47E-01;2.01E+03
5.19E-02;5.00E-05;9.48E-01;2.01E+03
5.23E-02;5.00E-05;9.48E-01;2.01E+03
5.16E-02;5.00E-05;9.48E-01;2.01E+03
