4.18E-01;5.04E-01;7.77E-02;2.01E+03
3.37E-01;5.11E-01;1.52E-01;2.01E+03
3.24E-01;5.04E-01;1.72E-01;2.01E+03
2.78E-01;5.04E-01;2.17E-01;2.01E+03
2.35E-01;5.01E-01;2.63E-01;2.01E+03
2.28E-01;4.94E-01;2.78E-01;2.01E+03
2.02E-01;4.87E-01;3.12E-01;2.01E+03
1.73E-01;4.82E-01;3.45E-01;2.01E+03
1.69E-01;4.74E-01;3.57E-01;2.01E+03
1.52E-01;4.66E-01;3.82E-01;2.01E+03
1.40E-01;4.59E-01;4.01E-01;2.01E+03
1.39E-01;4.51E-01;4.11E-01;2.01E+03
1.28E-01;4.41E-01;4.31E-01;2.01E+03
1.18E-01;4.32E-01;4.50E-01;2.01E+03
1.17E-01;4.23E-01;4.60E-01;2.01E+03
1.09E-01;4.15E-01;4.76E-01;2.01E+03
1.04E-01;4.06E-01;4.90E-01;2.01E+03
1.02E-01;3.97E-01;5.01E-01;2.01E+03
9.71E-02;3.87E-01;5.16E-01;2.01E+03
9.23E-02;3.80E-01;5.28E-01;2.01E+03
8.99E-02;3.71E-01;5.39E-01;2.01E+03
8.58E-02;3.62E-01;5.53E-01;2.01E+03
8.29E-02;3.52E-01;5.65E-01;2.01E+03
8.27E-02;3.43E-01;5.75E-01;2.01E+03
7.95E-02;3.33E-01;5.88E-01;2.01E+03
7.62E-02;3.23E-01;6.01E-01;2.01E+03
7.59E-02;3.14E-01;6.10E-01;2.01E+03
7.38E-02;3.05E-01;6.21E-01;2.01E+03
7.08E-02;2.95E-01;6.35E-01;2.01E+03
6.94E-02;2.84E-01;6.47E-01;2.01E+03
6.54E-02;2.79E-01;6.56E-01;2.01E+03
6.20E-02;2.71E-01;6.67E-01;2.01E+03
6.05E-02;2.66E-01;6.74E-01;2.01E+03
5.85E-02;2.61E-01;6.81E-01;2.01E+03
5.56E-02;2.56E-01;6.88E-01;2.01E+03
5.50E-02;2.50E-01;6.95E-01;2.01E+03
5.34E-02;2.45E-01;7.01E-01;2.01E+03
5.19E-02;2.40E-01;7.08E-01;2.01E+03
5.16E-02;2.35E-01;7.14E-01;2.01E+03
5.04E-02;2.30E-01;7.20E-01;2.01E+03
4.83E-02;2.25E-01;7.27E-01;2.01E+03
4.81E-02;2.20E-01;7.32E-01;2.01E+03
4.56E-02;2.17E-01;7.38E-01;2.01E+03
4.41E-02;2.12E-01;7.44E-01;2.01E+03
4.37E-02;2.09E-01;7.47E-01;2.01E+03
4.28E-02;2.04E-01;7.53E-01;2.01E+03
4.19E-02;1.98E-01;7.60E-01;2.01E+03
4.22E-02;1.94E-01;7.64E-01;2.01E+03
4.19E-02;1.89E-01;7.69E-01;2.01E+03
4.10E-02;1.86E-01;7.73E-01;2.01E+03
4.14E-02;1.81E-01;7.77E-01;2.01E+03
4.07E-02;1.77E-01;7.82E-01;2.01E+03
3.99E-02;1.72E-01;7.88E-01;2.01E+03
3.95E-02;1.68E-01;7.92E-01;2.01E+03
3.86E-02;1.65E-01;7.97E-01;2.01E+03
3.67E-02;1.62E-01;8.01E-01;2.01E+03
3.59E-02;1.58E-01;8.06E-01;2.01E+03
3.46E-02;1.51E-01;8.15E-01;2.01E+03
3.32E-02;1.47E-01;8.20E-01;2.01E+03
3.18E-02;1.44E-01;8.25E-01;2.01E+03
3.06E-02;1.40E-01;8.30E-01;2.01E+03
2.89E-02;1.37E-01;8.34E-01;2.01E+03
2.85E-02;1.34E-01;8.38E-01;2.01E+03
2.83E-02;1.31E-01;8.41E-01;2.01E+03
2.77E-02;1.28E-01;8.44E-01;2.01E+03
2.72E-02;1.25E-01;8.48E-01;2.01E+03
2.57E-02;1.23E-01;8.51E-01;2.01E+03
2.51E-02;1.21E-01;8.54E-01;2.01E+03
2.41E-02;1.18E-01;8.58E-01;2.01E+03
2.40E-02;1.15E-01;8.61E-01;2.01E+03
2.34E-02;1.13E-01;8.63E-01;2.01E+03
2.26E-02;1.12E-01;8.66E-01;2.01E+03
2.20E-02;1.09E-01;8.69E-01;2.01E+03
2.19E-02;1.07E-01;8.71E-01;2.01E+03
2.18E-02;1.05E-01;8.73E-01;2.01E+03
2.07E-02;1.04E-01;8.76E-01;2.01E+03
2.02E-02;1.02E-01;8.78E-01;2.01E+03
1.94E-02;9.99E-02;8.81E-01;2.01E+03
1.89E-02;9.87E-02;8.82E-01;2.01E+03
1.86E-02;9.69E-02;8.85E-01;2.01E+03
1.80E-02;9.54E-02;8.87E-01;2.01E+03
1.79E-02;9.30E-02;8.89E-01;2.01E+03
1.78E-02;9.09E-02;8.91E-01;2.01E+03
1.75E-02;8.89E-02;8.94E-01;2.01E+03
1.72E-02;8.62E-02;8.97E-01;2.01E+03
1.71E-02;8.30E-02;9.00E-01;2.01E+03
1.67E-02;8.18E-02;9.01E-01;2.01E+03
1.61E-02;7.90E-02;9.05E-01;2.01E+03
1.51E-02;7.65E-02;9.08E-01;2.01E+03
1.46E-02;7.49E-02;9.11E-01;2.01E+03
1.42E-02;7.44E-02;9.11E-01;2.01E+03
1.38E-02;7.26E-02;9.14E-01;2.01E+03
1.38E-02;7.17E-02;9.15E-01;2.01E+03
1.38E-02;7.02E-02;9.16E-01;2.01E+03
1.35E-02;6.82E-02;9.18E-01;2.01E+03
1.30E-02;6.75E-02;9.19E-01;2.01E+03
1.23E-02;6.58E-02;9.22E-01;2.01E+03
1.21E-02;6.49E-02;9.23E-01;2.01E+03
1.19E-02;6.41E-02;9.24E-01;2.01E+03
1.10E-02;6.31E-02;9.26E-01;2.01E+03
1.09E-02;6.14E-02;9.28E-01;2.01E+03
1.07E-02;6.04E-02;9.29E-01;2.01E+03
1.04E-02;5.94E-02;9.30E-01;2.01E+03
9.50E-03;5.81E-02;9.32E-01;2.01E+03
8.90E-03;5.73E-02;9.34E-01;2.01E+03
8.60E-03;5.62E-02;9.35E-01;2.01E+03
8.10E-03;5.42E-02;9.38E-01;2.01E+03
8.10E-03;5.29E-02;9.39E-01;2.01E+03
7.90E-03;5.21E-02;9.40E-01;2.01E+03
7.60E-03;5.04E-02;9.42E-01;2.01E+03
7.60E-03;4.92E-02;9.43E-01;2.01E+03
7.10E-03;4.86E-02;9.44E-01;2.01E+03
1.56E-02;4.69E-02;9.38E-01;2.01E+03
2.23E-02;4.53E-02;9.32E-01;2.01E+03
2.41E-02;4.44E-02;9.31E-01;2.01E+03
2.69E-02;4.32E-02;9.30E-01;2.01E+03
3.08E-02;4.20E-02;9.27E-01;2.01E+03
3.12E-02;4.07E-02;9.28E-01;2.01E+03
3.23E-02;3.96E-02;9.28E-01;2.01E+03
3.29E-02;3.89E-02;9.28E-01;2.01E+03
3.37E-02;3.82E-02;9.28E-01;2.01E+03
3.39E-02;3.71E-02;9.29E-01;2.01E+03
3.40E-02;3.64E-02;9.30E-01;2.01E+03
3.44E-02;3.59E-02;9.30E-01;2.01E+03
3.40E-02;3.53E-02;9.31E-01;2.01E+03
3.43E-02;3.44E-02;9.31E-01;2.01E+03
3.41E-02;3.38E-02;9.32E-01;2.01E+03
3.52E-02;3.33E-02;9.31E-01;2.01E+03
3.45E-02;3.27E-02;9.33E-01;2.01E+03
3.57E-02;3.20E-02;9.32E-01;2.01E+03
3.48E-02;3.14E-02;9.34E-01;2.01E+03
3.58E-02;3.08E-02;9.33E-01;2.01E+03
3.68E-02;2.99E-02;9.33E-01;2.01E+03
3.78E-02;2.95E-02;9.33E-01;2.01E+03
3.87E-02;2.90E-02;9.32E-01;2.01E+03
3.94E-02;2.86E-02;9.32E-01;2.01E+03
3.84E-02;2.85E-02;9.33E-01;2.01E+03
3.90E-02;2.74E-02;9.34E-01;2.01E+03
3.89E-02;2.68E-02;9.34E-01;2.01E+03
3.84E-02;2.62E-02;9.35E-01;2.01E+03
3.83E-02;2.52E-02;9.36E-01;2.01E+03
3.79E-02;2.39E-02;9.38E-01;2.01E+03
3.76E-02;2.37E-02;9.39E-01;2.01E+03
3.82E-02;2.31E-02;9.39E-01;2.01E+03
3.76E-02;2.29E-02;9.40E-01;2.01E+03
3.78E-02;2.25E-02;9.40E-01;2.01E+03
3.77E-02;2.17E-02;9.41E-01;2.01E+03
3.72E-02;2.09E-02;9.42E-01;2.01E+03
3.69E-02;2.06E-02;9.43E-01;2.01E+03
3.61E-02;2.01E-02;9.44E-01;2.01E+03
